AccelMinTrust = 0.06250
CompassMinTrust = 0.06250
AccelMaxTrust = 0.00100
CompassMaxTrust = 0.00100
AccelRefVector = 0.00000,0.00000,1.00000
CompassRefVector = 0.00000,0.32310,-0.94636
OrientTareQuat = 0.02776,0.87177,0.02385,-0.48855
OrientOffsetQuat = 0.00000,0.00000,0.00000,1.00000
AccelCoeff = 1.01645,0.02853,0.00483,-0.01676,1.00159,0.01095,-0.03234,0.00335,1.00315,0.02790,-0.01122,-0.00181
CompassCoeff = 1.45573,-0.01168,0.00547,0.00452,1.48762,0.02583,0.04245,0.00200,1.44049,0.00503,0.27210,0.05293
GyroCoeff = 1.00000,0.00000,0.00000,0.00000,1.00000,0.00000,0.00000,0.00000,1.00000,-0.41102,-0.40993,2.91684
RefVectorMode = "auto"   #Accepted values: static, auto, auto continual
GyroOversampleRate = 1
AccelOversampleRate = 1
CompassOversampleRate = 1
GyroRunningAverageAlpha = 0.00000
AccelRunningAverageAlpha = 0.00000
CompassRunningAverageAlpha = 0.00000
OrientRunningAverageAlpha = 0.00000
LEDColor = 0.00000,0.00000,1.00000
AxisDirections = 0
JoystickEnabled = 0
MouseEnabled = 0
FilterMode = "imu"   #Accepted values: imu, kalman, QCOMP, QGRAD
AccelEnabled = 1
CompassEnabled = 0
GyroEnabled = 0
AccelRange = "4G"   #Accepted values: 2G, 4G, 8G
GyroRange = "2000DPS"   #Accepted values: 250DPS, 500DPS, 1000DPS, 2000DPS
CompassRange = "1.3Ga"   #Accepted values: 0.88Ga, 1.3Ga, 1.9Ga, 2.5Ga, 4.0Ga, 4.7Ga, 5.6Ga, 8.1Ga
MIModeHomeThresh = 0.10000
MIModeBubbleThresh = 0.10000
MIModeBubbleFormThresh = 0.00010
MIModeChangeThresh = 0
MIModeFadeThresh = 0.01500
MIModeFadeCoeff = 0.50000
MIModeFadeMaxAlpha = 1.00000
